[{"id": 0, "img_name": "frame_00001.jpg", "width": 1062, "height": 1893, "position": [-2.39484296043598, -0.3285242355952652, -4.201444317712193], "rotation": [[0.8598260724178763, -0.053202428056327564, 0.5078076671726808], [0.010148361391046823, 0.9961407776711818, 0.08718120107987606], [-0.5104861760630992, -0.06980725398957015, 0.8570477299070981]], "fy": 1401.170026727728, "fx": 1402.6909979105187}, {"id": 1, "img_name": "frame_00002.jpg", "width": 1062, "height": 1893, "position": [-2.395777683105752, -0.32883374025064255, -4.203034247047761], "rotation": [[0.8632059343740766, -0.04766514841159316, 0.5025968050915949], [0.0076435623881833835, 0.9966528125113147, 0.0813925504410837], [-0.5047941073501114, -0.06641690251876554, 0.8606809538060064]], "fy": 1401.170026727728, "fx": 1402.6909979105187}, {"id": 2, "img_name": "frame_00003.jpg", "width": 1062, "height": 1893, "position": [-2.400230849633635, -0.328861782907547, -4.201445524640534], "rotation": [[0.8636007571728873, -0.0438572416602966, 0.5022651436884368], [0.003997493353566649, 0.9967736842945868, 0.08016384686804832], [-0.504160442971584, -0.06722175727951521, 0.8609898275188566]], "fy": 1401.170026727728, "fx": 1402.6909979105187}, {"id": 3, "img_name": "frame_00004.jpg", "width": 1062, "height": 1893, "position": [-2.4098274278483434, -0.3269190463742659, -4.185077629220525], "rotation": [[0.8562906596940942, -0.050070800116208444, 0.5140614954423018], [-0.0006328724195675052, 0.9951874151791944, 0.09798779588017396], [-0.5164938582337194, -0.08423136971863147, 0.8521379998346336]], "fy": 1401.170026727728, "fx": 1402.6909979105187}, {"id": 4, "img_name": "frame_00005.jpg", "width": 1062, "height": 1893, "position": [-2.4265574176989566, -0.32025205665511003, -4.156220087028529], "rotation": [[0.861193240214548, -0.0558548965390509, 0.5051993997832734], [-0.007053049477774118, 0.9925347819107334, 0.12175779724714526], [-0.5082287452533867, -0.1084201882954682, 0.8543702975104785]], "fy": 1401.170026727728, "fx": 1402.6909979105187}, {"id": 5, "img_name": "frame_00006.jpg", "width": 1062, "height": 1893, "position": [-2.403229464584289, -0.31323817699848483, -4.105323396479888], "rotation": [[0.8712844725663548, -0.07255050303530794, 0.48538623010350535], [0.03529618547342802, 0.9957152330803184, 0.08547136305706345], [-0.4895074536263923, -0.05733758907671961, 0.8701119776919948]], "fy": 1401.170026727728, "fx": 1402.6909979105187}, {"id": 6, "img_name": "frame_00007.jpg", "width": 1062, "height": 1893, "position": [-2.344587920094056, -0.3107723077339315, -4.0517542589397655], "rotation": [[0.8664313171047606, -0.07845345613061985, 0.4930941370177409], [0.017627871472529734, 0.9917690544935336, 0.12682034811634252], [-0.49898500066380524, -0.1011889211829202, 0.8606827355898216]], "fy": 1401.170026727728, "fx": 1402.6909979105187}, {"id": 7, "img_name": "frame_00008.jpg", "width": 1062, "height": 1893, "position": [-2.2773542246672256, -0.3020120821376275, -4.006224075254218], "rotation": [[0.8641401849741396, -0.04877196161919186, 0.5008822580933329], [-0.048642356320089, 0.9825379735494324, 0.17959134640901847], [-0.5008948611080869, -0.17955619257823066, 0.8466781630716123]], "fy": 1401.170026727728, "fx": 1402.6909979105187}, {"id": 8, "img_name": "frame_00009.jpg", "width": 1062, "height": 1893, "position": [-2.2005036160600064, -0.29379936275207896, -3.989841656107728], "rotation": [[0.8719396802887565, -0.061732030566151286, 0.4857060328430367], [-0.038752779851483184, 0.9802059521121741, 0.1941507494130498], [-0.4880772643667432, -0.18811020133434053, 0.8522881767115099]], "fy": 1401.170026727728, "fx": 1402.6909979105187}, {"id": 9, "img_name": "frame_00010.jpg", "width": 1062, "height": 1893, "position": [-2.092970578479273, -0.2863192257120695, -3.994630280634272], "rotation": [[0.9246181101763699, -0.0478847597415043, 0.37787352397115237], [-0.008825671803589157, 0.9891065169282534, 0.14693674042687316], [-0.38079319564705194, -0.13919535895480628, 0.9141231832714607]], "fy": 1401.170026727728, "fx": 1402.6909979105187}, {"id": 10, "img_name": "frame_00011.jpg", "width": 1062, "height": 1893, "position": [-1.997530025082307, -0.28054138064049444, -3.9935163322944], "rotation": [[0.904198254721979, -0.09377036865014429, 0.416692493478036], [0.03228379632765005, 0.9878162654455347, 0.15223922692890884], [-0.42589115117879806, -0.12420202769863709, 0.8962090066849054]], "fy": 1401.170026727728, "fx": 1402.6909979105187}, {"id": 11, "img_name": "frame_00012.jpg", "width": 1062, "height": 1893, "position": [-1.8977492284375599, -0.2772710740253188, -3.948199773644749], "rotation": [[0.8876655195531605, -0.05775618590954836, 0.4568524361165201], [-0.03995528604869971, 0.9787015255413499, 0.20136260581299867], [-0.458752112271087, -0.1969963118746546, 0.8664519332280355]], "fy": 1401.170026727728, "fx": 1402.6909979105187}, {"id": 12, "img_name": "frame_00013.jpg", "width": 1062, "height": 1893, "position": [-1.8037087716241629, -0.2643690827614267, -3.9420578844719056], "rotation": [[0.9189580668457911, -0.0887549088015851, 0.38423773570885633], [0.020348897274460334, 0.9837183192942283, 0.17856144786781997], [-0.39382990460192346, -0.1562716687328866, 0.9058019495412221]], "fy": 1401.170026727728, "fx": 1402.6909979105187}, {"id": 13, "img_name": "frame_00014.jpg", "width": 1062, "height": 1893, "position": [-1.7009266493424782, -0.26465326231078423, -3.907168702589191], "rotation": [[0.9394362138145294, -0.06645317009950971, 0.3362195359546314], [0.01609918195166406, 0.9884954553130385, 0.1503913267643978], [-0.34234546369757735, -0.13587019912105186, 0.9296982695888469]], "fy": 1401.170026727728, "fx": 1402.6909979105187}, {"id": 14, "img_name": "frame_00015.jpg", "width": 1062, "height": 1893, "position": [-1.645070413116382, -0.2638210246737173, -3.846001490084999], "rotation": [[0.9150153600516505, -0.05864500796725004, 0.3991336291395017], [0.004555233312184992, 0.9908162477387973, 0.13513849587102136], [-0.40339328293740795, -0.12183565265279153, 0.9068792273636267]], "fy": 1401.170026727728, "fx": 1402.6909979105187}, {"id": 15, "img_name": "frame_00016.jpg", "width": 1062, "height": 1893, "position": [-1.6063359568489648, -0.2557336535225089, -3.810838940695792], "rotation": [[0.9141628006525737, -0.06255571730751903, 0.40049114364138527], [-0.002694852701543251, 0.987060176671573, 0.16032761894945047], [-0.40533826820565544, -0.14764480980117445, 0.9021651170749261]], "fy": 1401.170026727728, "fx": 1402.6909979105187}, {"id": 16, "img_name": "frame_00017.jpg", "width": 1062, "height": 1893, "position": [-1.5332320594934084, -0.2524502786180009, -3.7715059415918937], "rotation": [[0.9395813101829077, -0.056842173938969454, 0.33757359022420924], [0.010938809323531286, 0.9905996091561954, 0.13635525948850136], [-0.34215099591489406, -0.12442420022441394, 0.9313706643399077]], "fy": 1401.170026727728, "fx": 1402.6909979105187}, {"id": 17, "img_name": "frame_00018.jpg", "width": 1062, "height": 1893, "position": [-1.4561404754221563, -0.24732255236464465, -3.7387323262369576], "rotation": [[0.922752778385714, -0.0771477207077354, 0.37759176258367483], [0.020779364209324327, 0.9882934759364667, 0.15114305622314517], [-0.3848318178172139, -0.1316215583064485, 0.9135536313673548]], "fy": 1401.170026727728, "fx": 1402.6909979105187}, {"id": 18, "img_name": "frame_00019.jpg", "width": 1062, "height": 1893, "position": [-1.3957693314734536, -0.24094617766379647, -3.67059813617434], "rotation": [[0.9064455969454236, -0.06248473502311402, 0.41767455951655225], [0.003587126995295148, 0.9900975512151671, 0.14033521153883347], [-0.42230736708962857, -0.12570798290809035, 0.8976937065252295]], "fy": 1401.170026727728, "fx": 1402.6909979105187}, {"id": 19, "img_name": "frame_00020.jpg", "width": 1062, "height": 1893, "position": [-1.3353105784706396, -0.22858951724546678, -3.6260346511344723], "rotation": [[0.9287696980561083, -0.0925080083007013, 0.35892773140703804], [0.03946482110523684, 0.9875305684983609, 0.1524004730190677], [-0.3685503708692981, -0.1273799225998403, 0.9208392799237887]], "fy": 1401.170026727728, "fx": 1402.6909979105187}, {"id": 20, "img_name": "frame_00021.jpg", "width": 1062, "height": 1893, "position": [-1.2375595398867296, -0.2347664874281046, -3.579856858904342], "rotation": [[0.9499775450444597, -0.060428748997845665, 0.3064164326628989], [0.025454379815830132, 0.9928198614208715, 0.11687941356985375], [-0.3112791969590852, -0.10323317811051262, 0.9446947509527668]], "fy": 1401.170026727728, "fx": 1402.6909979105187}, {"id": 21, "img_name": "frame_00022.jpg", "width": 1062, "height": 1893, "position": [-1.1691389409683486, -0.22398340543085618, -3.532922225320556], "rotation": [[0.9244389988408904, -0.07306411749691921, 0.3742648422660728], [0.028669892950082345, 0.9920115598112548, 0.12284584827771784], [-0.3802506734514521, -0.10283336003086566, 0.9191489136176354]], "fy": 1401.170026727728, "fx": 1402.6909979105187}, {"id": 22, "img_name": "frame_00023.jpg", "width": 1062, "height": 1893, "position": [-1.1074808126292894, -0.22164895898006412, -3.466611586455257], "rotation": [[0.9224683154736751, -0.07986219339905151, 0.37772243382231474], [0.030846853688603383, 0.9904894388116479, 0.13408632749128716], [-0.38483850972151207, -0.11203883999791904, 0.9161586215100779]], "fy": 1401.170026727728, "fx": 1402.6909979105187}, {"id": 23, "img_name": "frame_00024.jpg", "width": 1062, "height": 1893, "position": [-1.0239803680946324, -0.21354041616417752, -3.4299267913709155], "rotation": [[0.9465522761875458, -0.045141562513957574, 0.3193759974982066], [0.016135106653158482, 0.9955453651009346, 0.09289286495387046], [-0.322146623104243, -0.08277478698157595, 0.9430640953099038]], "fy": 1401.170026727728, "fx": 1402.6909979105187}, {"id": 24, "img_name": "frame_00025.jpg", "width": 1062, "height": 1893, "position": [-0.9377821252846752, -0.2136952285519566, -3.3740762048216166], "rotation": [[0.9511285839822924, -0.06065797935140726, 0.3027788405302517], [0.029693987928505135, 0.9939392138929201, 0.10584472668407081], [-0.3073640899857059, -0.09168123377730093, 0.9471651743810742]], "fy": 1401.170026727728, "fx": 1402.6909979105187}, {"id": 25, "img_name": "frame_00026.jpg", "width": 1062, "height": 1893, "position": [-0.8734411880444096, -0.20676226229932812, -3.294265998693104], "rotation": [[0.9293757641190569, -0.06531443475477997, 0.36331076736147366], [0.022671306749039825, 0.9924634080033494, 0.12042589266710096], [-0.3684381914492717, -0.10368417616512547, 0.9238522017587819]], "fy": 1401.170026727728, "fx": 1402.6909979105187}, {"id": 26, "img_name": "frame_00027.jpg", "width": 1062, "height": 1893, "position": [-0.8053795175194449, -0.1888524663621866, -3.2379734983080515], "rotation": [[0.9649660696839831, -0.09064230324930192, 0.2462203428238775], [0.06403285250010449, 0.9914125843332491, 0.11402140775472068], [-0.2544411094130546, -0.09426059880634113, 0.962483590173528]], "fy": 1401.170026727728, "fx": 1402.6909979105187}, {"id": 27, "img_name": "frame_00028.jpg", "width": 1062, "height": 1893, "position": [-0.712853680666843, -0.1909046174460325, -3.172663351080559], "rotation": [[0.9676618385707284, -0.0760707527919837, 0.24050739436362126], [0.05540483911220011, 0.9942570903467071, 0.0915595003167405], [-0.24609118224119444, -0.0752733609251034, 0.9663193318764612]], "fy": 1401.170026727728, "fx": 1402.6909979105187}, {"id": 28, "img_name": "frame_00029.jpg", "width": 1062, "height": 1893, "position": [-0.6345479126647139, -0.17545458755728402, -3.093736428359928], "rotation": [[0.9323041020708069, -0.08137090554827145, 0.3524029469119133], [0.04382712531552428, 0.992599781966295, 0.11324688042962133], [-0.35901008948012003, -0.09013572305538968, 0.9289711013162673]], "fy": 1401.170026727728, "fx": 1402.6909979105187}, {"id": 29, "img_name": "frame_00030.jpg", "width": 1062, "height": 1893, "position": [-0.5631901933522447, -0.16029552405532035, -3.038840462842325], "rotation": [[0.9472354960839374, -0.12317301805038157, 0.29592790098768557], [0.08435570591153968, 0.9864690932350586, 0.1405803790440448], [-0.3092394377157979, -0.10819951809671731, 0.9448088877888773]], "fy": 1401.170026727728, "fx": 1402.6909979105187}, {"id": 30, "img_name": "frame_00031.jpg", "width": 1062, "height": 1893, "position": [-0.4657175129590762, -0.15730161011470972, -2.9985630754069623], "rotation": [[0.9705798982949163, -0.1352582738333785, 0.19919804312654435], [0.11060091361120442, 0.9853073655316136, 0.13014158957657748], [-0.21387402585212797, -0.1042813252158134, 0.9712792112863514]], "fy": 1401.170026727728, "fx": 1402.6909979105187}, {"id": 31, "img_name": "frame_00032.jpg", "width": 1062, "height": 1893, "position": [-0.37589893395125906, -0.14980244492409814, -2.9527876498708245], "rotation": [[0.9529127545235494, -0.07910725030998458, 0.2927444708525425], [0.03161671761392737, 0.9860306422145655, 0.1635357935782032], [-0.30159188555672856, -0.1465797242538167, 0.9421022869115709]], "fy": 1401.170026727728, "fx": 1402.6909979105187}, {"id": 32, "img_name": "frame_00033.jpg", "width": 1062, "height": 1893, "position": [-0.2941121560103153, -0.14560567413472908, -2.928362701464113], "rotation": [[0.970617481869613, -0.08613971256124824, 0.2246812270950933], [0.06620473803942084, 0.9932913566343214, 0.09481146289706172], [-0.2313409530330136, -0.07715070158731399, 0.9698088124441654]], "fy": 1401.170026727728, "fx": 1402.6909979105187}, {"id": 33, "img_name": "frame_00034.jpg", "width": 1062, "height": 1893, "position": [-0.1703707771104086, -0.14419537974241378, -2.938715502015975], "rotation": [[0.9909437070565906, -0.027267225966498387, 0.13148029446663778], [0.027056072145962163, 0.9996281609328379, 0.0033924666637689827], [-0.1315239081116979, 0.0001955968410005618, 0.9913129795059185]], "fy": 1401.170026727728, "fx": 1402.6909979105187}, {"id": 34, "img_name": "frame_00035.jpg", "width": 1062, "height": 1893, "position": [-0.06946577754370685, -0.1358877024107607, -2.9110588684252146], "rotation": [[0.9821288300940182, -0.02895120988909787, 0.18596985923561055], [0.024742363042748926, 0.9993833750825087, 0.024913552130414643], [-0.1865764630633141, -0.019866984035114072, 0.9822395463307981]], "fy": 1401.170026727728, "fx": 1402.6909979105187}, {"id": 35, "img_name": "frame_00036.jpg", "width": 1062, "height": 1893, "position": [0.0203206678983469, -0.13116063164992348, -2.86836303508304], "rotation": [[0.9908140175201957, -0.038260672261423344, 0.12970622052774852], [0.03218075149151453, 0.998297272167438, 0.0486513680844993], [-0.13134680018535042, -0.04403041381994952, 0.9903581881016148]], "fy": 1401.170026727728, "fx": 1402.6909979105187}, {"id": 36, "img_name": "frame_00037.jpg", "width": 1062, "height": 1893, "position": [0.12868664186643988, -0.12934602270493661, -2.861743634848372], "rotation": [[0.9998261927438039, 0.016587838220685377, -0.008510459834480314], [-0.016678788451686376, 0.9998033276667085, -0.010729585376889996], [0.008330805436080401, 0.010869664656301388, 0.9999062196381447]], "fy": 1401.170026727728, "fx": 1402.6909979105187}, {"id": 37, "img_name": "frame_00038.jpg", "width": 1062, "height": 1893, "position": [0.21955233682250544, -0.12153683739222207, -2.8405818961040157], "rotation": [[0.9993784456381409, -0.016046010260707393, 0.031388659554154826], [0.015983409733053764, 0.9998697384286634, 0.0022442789268783537], [-0.03142058254072773, -0.0017411861788967345, 0.9995047349880298]], "fy": 1401.170026727728, "fx": 1402.6909979105187}, {"id": 38, "img_name": "frame_00039.jpg", "width": 1062, "height": 1893, "position": [0.30148152101633313, -0.11767339846904432, -2.796110644545332], "rotation": [[0.998269221241524, 0.014278989343350685, 0.057049736065769435], [-0.015833277361428047, 0.9995131079344415, 0.026885951633331708], [-0.05663805478507862, -0.027742702293868916, 0.9980092550771241]], "fy": 1401.170026727728, "fx": 1402.6909979105187}, {"id": 39, "img_name": "frame_00040.jpg", "width": 1062, "height": 1893, "position": [0.40796881008015157, -0.1127435408829718, -2.7821622688755094], "rotation": [[0.9957650168109514, 0.05450048894195969, -0.07403869259092165], [-0.057566874382396355, 0.9975427259364749, -0.03993200351933524], [0.07168044551568485, 0.04402506827154427, 0.9964555720624773]], "fy": 1401.170026727728, "fx": 1402.6909979105187}, {"id": 40, "img_name": "frame_00041.jpg", "width": 1062, "height": 1893, "position": [0.5010701549597465, -0.11045448740232863, -2.7456518967592696], "rotation": [[0.9950714497880337, 0.003484895031809686, -0.09909927004452751], [-0.005875936633131576, 0.9996983725216183, -0.023846118055382535], [0.09898627776325535, 0.024310892296357342, 0.9947917859182043]], "fy": 1401.170026727728, "fx": 1402.6909979105187}, {"id": 41, "img_name": "frame_00042.jpg", "width": 1062, "height": 1893, "position": [0.5734401621816991, -0.10402146491395042, -2.6763158023400453], "rotation": [[0.9979185741095656, 0.047153896287955736, -0.0439889703448061], [-0.047045651720140934, 0.9988866319371736, 0.0034933066622862417], [0.04410471745016304, -0.001416545824986776, 0.9990259092218614]], "fy": 1401.170026727728, "fx": 1402.6909979105187}, {"id": 42, "img_name": "frame_00043.jpg", "width": 1062, "height": 1893, "position": [0.65224540157041, -0.09347510477830949, -2.6262181498479404], "rotation": [[0.9928601497309163, 0.011550190912531613, -0.11872369673400028], [-0.012317637572780578, 0.9999077036847007, -0.005732356985964696], [0.11864652915668633, 0.0071538242830661005, 0.9929107834630453]], "fy": 1401.170026727728, "fx": 1402.6909979105187}, {"id": 43, "img_name": "frame_00044.jpg", "width": 1062, "height": 1893, "position": [0.748514973023269, -0.09338991260877894, -2.57713951926682], "rotation": [[0.9854828586781277, 0.017251689308641616, -0.16889616475096073], [-0.02492718242277713, 0.9987454213933111, -0.0434306207917732], [0.16793501965953125, 0.047010237841296994, 0.9846765289728691]], "fy": 1401.170026727728, "fx": 1402.6909979105187}, {"id": 44, "img_name": "frame_00045.jpg", "width": 1062, "height": 1893, "position": [0.819538647185783, -0.08675013557122904, -2.5057922914590955], "rotation": [[0.9887769380361452, 0.05584507538687702, -0.138569456818229], [-0.06464321259858276, 0.9961136651845669, -0.059823248804315166], [0.13469009567447573, 0.06810942363287614, 0.9885442248779758]], "fy": 1401.170026727728, "fx": 1402.6909979105187}, {"id": 45, "img_name": "frame_00046.jpg", "width": 1062, "height": 1893, "position": [0.8847563746854251, -0.07824974570614857, -2.4389372749723464], "rotation": [[0.9879364524974364, 0.02590063466313653, -0.15267849537779482], [-0.03387711125405507, 0.9981807322837396, -0.04987551534147764], [0.15110892481869148, 0.05444614606695617, 0.9870165702857246]], "fy": 1401.170026727728, "fx": 1402.6909979105187}, {"id": 46, "img_name": "frame_00047.jpg", "width": 1062, "height": 1893, "position": [0.97715640072546, -0.07835919060033164, -2.3748471902971775], "rotation": [[0.9700667089169106, 0.012628166322733735, -0.24251001972380273], [-0.03228600363791078, 0.9964882674992847, -0.07725766437944347], [0.24068276677029998, 0.08277476760220646, 0.9670678071511812]], "fy": 1401.170026727728, "fx": 1402.6909979105187}, {"id": 47, "img_name": "frame_00048.jpg", "width": 1062, "height": 1893, "position": [1.0413176676021496, -0.0682848123814506, -2.3057289982180382], "rotation": [[0.9753848219672611, -0.007634771499983541, -0.22037731130957608], [-0.002527803397492972, 0.9989476314675144, -0.04579563074602961], [0.22049503233832365, 0.045225433658353215, 0.9743390584722218]], "fy": 1401.170026727728, "fx": 1402.6909979105187}, {"id": 48, "img_name": "frame_00049.jpg", "width": 1062, "height": 1893, "position": [1.0948740818427234, -0.06702533191259673, -2.217577143339441], "rotation": [[0.9800140808712624, -0.014622626850624496, -0.19838996970119735], [0.01081623863837197, 0.9997363049538354, -0.020256592481698824], [0.19863385984210344, 0.017705912606788263, 0.9799138178345013]], "fy": 1401.170026727728, "fx": 1402.6909979105187}, {"id": 49, "img_name": "frame_00050.jpg", "width": 1062, "height": 1893, "position": [1.167004979022822, -0.05696094288821079, -2.139010741159327], "rotation": [[0.9606892041466824, 0.00578573684365879, -0.277565808926802], [-0.01131689013170228, 0.9997679532835378, -0.018329418566680456], [0.27739535149991423, 0.02075005629923736, 0.9605317559195102]], "fy": 1401.170026727728, "fx": 1402.6909979105187}, {"id": 50, "img_name": "frame_00051.jpg", "width": 1062, "height": 1893, "position": [1.2223210907345063, -0.04392738483678614, -2.054577675456478], "rotation": [[0.9588437729592547, -0.016416524890690662, -0.28345919771242994], [0.02346695142511888, 0.9994935072301754, 0.021494910921768588], [0.28296275593807785, -0.027262184711372452, 0.9587433713130384]], "fy": 1401.170026727728, "fx": 1402.6909979105187}, {"id": 51, "img_name": "frame_00052.jpg", "width": 1062, "height": 1893, "position": [1.2605111914854752, -0.04532416967248269, -1.9652104929864918], "rotation": [[0.9651383294833776, 0.010589525863207997, -0.2615260348493577], [-0.01708037038556783, 0.9995996074255505, -0.022558496895336344], [0.2611824379806706, 0.026239031549916827, 0.9649327682868872]], "fy": 1401.170026727728, "fx": 1402.6909979105187}, {"id": 52, "img_name": "frame_00053.jpg", "width": 1062, "height": 1893, "position": [1.3201544743100257, -0.03294859826271549, -1.8857673264763122], "rotation": [[0.9378086165202226, -0.02614581907148915, -0.3461667155078704], [0.01688156544115301, 0.9994147711793109, -0.02975109908662067], [0.3467419956230886, 0.02205700101298468, 0.9377011662452122]], "fy": 1401.170026727728, "fx": 1402.6909979105187}, {"id": 53, "img_name": "frame_00054.jpg", "width": 1062, "height": 1893, "position": [1.3697621801659117, -0.030952880517704933, -1.8039968756749396], "rotation": [[0.9165499655489207, -0.05081681835092626, -0.3966784738613394], [0.05296219152489085, 0.9985810860841173, -0.005551646957891178], [0.39639773828965424, -0.01592059947845074, 0.9179408301143889]], "fy": 1401.170026727728, "fx": 1402.6909979105187}, {"id": 54, "img_name": "frame_00055.jpg", "width": 1062, "height": 1893, "position": [1.4085391592726912, -0.022247609382971843, -1.7164535475987186], "rotation": [[0.9423490279887804, -0.02935468957898504, -0.3333415840370391], [0.03018759993651311, 0.9995406529224238, -0.0026817840120636166], [0.3332671874917692, -0.007535605824069702, 0.942802310341988]], "fy": 1401.170026727728, "fx": 1402.6909979105187}, {"id": 55, "img_name": "frame_00056.jpg", "width": 1062, "height": 1893, "position": [1.4473681492348203, -0.011733735824308587, -1.64189130929187], "rotation": [[0.9167993903743542, -0.06908232914686824, -0.39332748392256583], [0.0743790914312551, 0.9972284502746286, -0.0017800900886398568], [0.3923603300119337, -0.027623355381025592, 0.9193967161516404]], "fy": 1401.170026727728, "fx": 1402.6909979105187}, {"id": 56, "img_name": "frame_00057.jpg", "width": 1062, "height": 1893, "position": [1.535841428551096, -0.007058826112300219, -1.5620060485780607], "rotation": [[0.8949520850866474, -0.0573777518230706, -0.4424574092438642], [0.05270581768140005, 0.9983484344916657, -0.02285826175751503], [0.44303821751807965, -0.0028630305220472625, 0.896498154417862]], "fy": 1401.170026727728, "fx": 1402.6909979105187}, {"id": 57, "img_name": "frame_00058.jpg", "width": 1062, "height": 1893, "position": [1.590952499107988, 0.007708830171540724, -1.4724259922399583], "rotation": [[0.9010129900390536, -0.04120265039308205, -0.4318309083211503], [0.069499952086939, 0.9963307683528108, 0.049947539412976694], [0.4281884496816763, -0.07501560926955893, 0.9005705468896478]], "fy": 1401.170026727728, "fx": 1402.6909979105187}, {"id": 58, "img_name": "frame_00059.jpg", "width": 1062, "height": 1893, "position": [1.6345840013542474, 0.010663741519406572, -1.3727814454423939], "rotation": [[0.908994597786459, -0.012875440220521223, -0.4166089824213604], [0.05345146126777898, 0.9948707709811604, 0.08587834613970399], [0.4133663780272566, -0.10033131159553069, 0.905020367411777]], "fy": 1401.170026727728, "fx": 1402.6909979105187}, {"id": 59, "img_name": "frame_00060.jpg", "width": 1062, "height": 1893, "position": [1.7055108854250902, 0.018049217565517216, -1.2877524339222275], "rotation": [[0.8656510848304023, -0.0010033407037067029, -0.500646774322356], [0.031287295810002676, 0.9981517750499214, 0.05209739998875919], [0.4996691950209109, -0.060762054541659984, 0.8640825587147509]], "fy": 1401.170026727728, "fx": 1402.6909979105187}, {"id": 60, "img_name": "frame_00061.jpg", "width": 1062, "height": 1893, "position": [1.7655931032610224, 0.026884552511553875, -1.201837641086275], "rotation": [[0.8685232811894228, -0.04049656925895393, -0.49399123262484473], [0.07872769295316219, 0.9952752096690557, 0.05682611530352734], [0.489355964911261, -0.08824559420431094, 0.8676078922585345]], "fy": 1401.170026727728, "fx": 1402.6909979105187}, {"id": 61, "img_name": "frame_00062.jpg", "width": 1062, "height": 1893, "position": [1.795448971232504, 0.030646704632002433, -1.0984358852377587], "rotation": [[0.9069886307293963, 0.018071845318878683, -0.4207671946984288], [0.03142795389200908, 0.9933890361366995, 0.11041062719485291], [0.419980841755641, -0.1133650355716857, 0.9004246005457948]], "fy": 1401.170026727728, "fx": 1402.6909979105187}, {"id": 62, "img_name": "frame_00063.jpg", "width": 1062, "height": 1893, "position": [1.8448671651051687, 0.04282417680169907, -1.0107084766948782], "rotation": [[0.8833804000239173, 0.008869922086725272, -0.468572719367826], [0.044488323750375834, 0.9937187972345781, 0.1026827204185061], [0.4665403068368968, -0.1115539174786738, 0.8774371006469328]], "fy": 1401.170026727728, "fx": 1402.6909979105187}, {"id": 63, "img_name": "frame_00064.jpg", "width": 1062, "height": 1893, "position": [1.9111655774589302, 0.048239535164134845, -0.9143374158343839], "rotation": [[0.8486578595486372, 0.028379813343756145, -0.528180294616241], [0.028543893681033085, 0.9946473753106994, 0.09930682212749702], [0.5281714528066161, -0.09935383727924157, 0.8433052421620766]], "fy": 1401.170026727728, "fx": 1402.6909979105187}, {"id": 64, "img_name": "frame_00065.jpg", "width": 1062, "height": 1893, "position": [1.9587981980878055, 0.057540607071230404, -0.80636088169843], "rotation": [[0.880929597889054, 0.06582988588001736, -0.46864642289049135], [0.0032020243220675826, 0.9894262107343003, 0.1450017949964933], [0.4732365059917401, -0.12923699020399723, 0.8714040450673509]], "fy": 1401.170026727728, "fx": 1402.6909979105187}, {"id": 65, "img_name": "frame_00066.jpg", "width": 1062, "height": 1893, "position": [2.0167450841458043, 0.06615678961016637, -0.7172245612751946], "rotation": [[0.8861727164072611, 0.023680949681551086, -0.4627495319474192], [0.04502272336956662, 0.9895667540160619, 0.13685975933963324], [0.46116252132601065, -0.1421156288671119, 0.8758608776260884]], "fy": 1401.170026727728, "fx": 1402.6909979105187}, {"id": 66, "img_name": "frame_00067.jpg", "width": 1062, "height": 1893, "position": [2.1034617873105526, 0.06919458519116549, -0.6233754244420608], "rotation": [[0.8776129696413731, 0.03310244689728671, -0.4782255780765628], [0.015602505874302956, 0.9951118621992809, 0.0975138119484689], [0.47911589133287225, -0.09304090347632771, 0.8728065953878994]], "fy": 1401.170026727728, "fx": 1402.6909979105187}, {"id": 67, "img_name": "frame_00068.jpg", "width": 1062, "height": 1893, "position": [2.1487596566994718, 0.0844581666082542, -0.5164961389375449], "rotation": [[0.9091106639266706, 0.032716951897838395, -0.4152678675184518], [0.01935600382389934, 0.9925161044992511, 0.12057001047358788], [0.4161047294261111, -0.11764940870291882, 0.9016737052731859]], "fy": 1401.170026727728, "fx": 1402.6909979105187}, {"id": 68, "img_name": "frame_00069.jpg", "width": 1062, "height": 1893, "position": [2.191784086502774, 0.08621355320075898, -0.4211338812629756], "rotation": [[0.9226948864389627, 0.020471541097286435, -0.3849870939973077], [0.037752717859975325, 0.9889921448024348, 0.14307085591854624], [0.3836780927204142, -0.1465450562939004, 0.9117651384223039]], "fy": 1401.170026727728, "fx": 1402.6909979105187}, {"id": 69, "img_name": "frame_00070.jpg", "width": 1062, "height": 1893, "position": [2.2637750101869587, 0.09434782370590539, -0.3203137294304189], "rotation": [[0.8518368137857203, 0.04904453935301139, -0.5215061608831123], [0.01859957145091707, 0.9921470367416045, 0.1236863510121287], [0.5234769322723151, -0.11506037825639286, 0.844235163170939]], "fy": 1401.170026727728, "fx": 1402.6909979105187}, {"id": 70, "img_name": "frame_00071.jpg", "width": 1062, "height": 1893, "position": [2.3216515658313317, 0.10798971626143525, -0.22134672141937464], "rotation": [[0.8509159273119915, 0.042825790421131125, -0.5235532793532848], [0.024346729215586126, 0.9923848891315938, 0.12074547030749083], [0.5247373832911815, -0.11549105375776766, 0.8433934402629915]], "fy": 1401.170026727728, "fx": 1402.6909979105187}, {"id": 71, "img_name": "frame_00072.jpg", "width": 1062, "height": 1893, "position": [2.374828696758692, 0.10286313627942469, -0.12364733154370641], "rotation": [[0.8105787197238743, 0.020170631341724483, -0.5852822265899426], [0.04894522463123134, 0.9935767226046949, 0.10202774761755465], [0.5835807605778338, -0.11134829109326, 0.8043848916743822]], "fy": 1401.170026727728, "fx": 1402.6909979105187}, {"id": 72, "img_name": "frame_00073.jpg", "width": 1062, "height": 1893, "position": [2.4568459851898123, 0.11444814605930416, -0.025665221256561493], "rotation": [[0.6913578944587341, 0.02886352865454535, -0.7219357024577702], [0.035488610433407494, 0.9966390600069394, 0.07383185354567529], [0.7216403677033955, -0.07666472971381587, 0.6880099555375749]], "fy": 1401.170026727728, "fx": 1402.6909979105187}, {"id": 73, "img_name": "frame_00074.jpg", "width": 1062, "height": 1893, "position": [2.5200930876449905, 0.1307312462879285, 0.07135023858118182], "rotation": [[0.6809472558432662, 0.020633044929211603, -0.7320417421270964], [0.06471497523711961, 0.9939970724527495, 0.08821446556785575], [0.7294674816190126, -0.10744346146840461, 0.6755243118112797]], "fy": 1401.170026727728, "fx": 1402.6909979105187}, {"id": 74, "img_name": "frame_00075.jpg", "width": 1062, "height": 1893, "position": [2.576894253400842, 0.1300480685005413, 0.17643483733649468], "rotation": [[0.7061063789260679, 0.04293315486773725, -0.7068030318646201], [0.02198572155568331, 0.9963497586037339, 0.08248506881828695], [0.7077643744125529, -0.0737828079120364, 0.7025850038031151]], "fy": 1401.170026727728, "fx": 1402.6909979105187}, {"id": 75, "img_name": "frame_00076.jpg", "width": 1062, "height": 1893, "position": [2.664249325309423, 0.14235240852394843, 0.27428668023754044], "rotation": [[0.5876262148933181, -0.01943668023153607, -0.8088990338921966], [0.02073979257361441, 0.9997447932532573, -0.008955968233813713], [0.808866671692038, -0.011513636461980501, 0.5878793614350363]], "fy": 1401.170026727728, "fx": 1402.6909979105187}, {"id": 76, "img_name": "frame_00077.jpg", "width": 1062, "height": 1893, "position": [2.740565842704363, 0.153742695089522, 0.3786598399771837], "rotation": [[0.5894006579331031, -0.05479034732684569, -0.8059806959647537], [0.07788180097121213, 0.9969039316122841, -0.010815554236883188], [0.8040779125840392, -0.05639653336663587, 0.5918430041140305]], "fy": 1401.170026727728, "fx": 1402.6909979105187}, {"id": 77, "img_name": "frame_00078.jpg", "width": 1062, "height": 1893, "position": [2.779518541693625, 0.15983343296314068, 0.4902785352966477], "rotation": [[0.628895856573095, 0.01775509774397535, -0.7772867926893491], [0.05435629430969523, 0.9962889084085875, 0.0667368282954987], [0.7755871291183929, -0.08422094446233054, 0.6255968651294234]], "fy": 1401.170026727728, "fx": 1402.6909979105187}, {"id": 78, "img_name": "frame_00079.jpg", "width": 1062, "height": 1893, "position": [2.861048309857715, 0.16656724017889218, 0.5671125652680729], "rotation": [[0.4809518372436379, 0.0058622174446479, -0.8767274175355764], [0.03599513228684846, 0.9990025141264336, 0.026425881645028522], [0.876007808585986, -0.044267495701659484, 0.48026108328770717]], "fy": 1401.170026727728, "fx": 1402.6909979105187}, {"id": 79, "img_name": "frame_00080.jpg", "width": 1062, "height": 1893, "position": [2.925564906598801, 0.17281762910236217, 0.6387580736718593], "rotation": [[0.43965670795762096, -0.0033931290109444207, -0.8981594879660193], [0.039737109736703316, 0.9990871766212854, 0.01567723255812913], [0.8972864321149853, -0.04258286259076006, 0.4393902121758473]], "fy": 1401.170026727728, "fx": 1402.6909979105187}, {"id": 80, "img_name": "frame_00081.jpg", "width": 1062, "height": 1893, "position": [2.952979181732287, 0.18093514095503613, 0.7357012747569799], "rotation": [[0.4675321738865701, 0.062185278185955574, -0.8817860611042981], [-0.0001468241458126773, 0.9975280129145897, 0.0702697793744977], [0.8839760431276222, -0.0327239152242774, 0.4663855706910605]], "fy": 1401.170026727728, "fx": 1402.6909979105187}, {"id": 81, "img_name": "frame_00082.jpg", "width": 1062, "height": 1893, "position": [2.9895944705704034, 0.18924884726744953, 0.8195045814386042], "rotation": [[0.3697749383947526, 0.020285602925607844, -0.9288998811761693], [0.05781699416280562, 0.9973216919052883, 0.04479551362749685], [0.9273207051075345, -0.07027045729976236, 0.36761171459808967]], "fy": 1401.170026727728, "fx": 1402.6909979105187}, {"id": 82, "img_name": "frame_00083.jpg", "width": 1062, "height": 1893, "position": [3.067262381244353, 0.1987682422969552, 0.9156005436059668], "rotation": [[0.2406468827377645, 0.012192324496821866, -0.9705361533976778], [0.025932135633967682, 0.9994833963136138, 0.018985911483647883], [0.970266253236738, -0.029736975582052835, 0.24020639065847985]], "fy": 1401.170026727728, "fx": 1402.6909979105187}, {"id": 83, "img_name": "frame_00084.jpg", "width": 1062, "height": 1893, "position": [3.1093240895808107, 0.2112427554036122, 1.0113085758466016], "rotation": [[0.2630690532286587, 0.014495461119649212, -0.964668106055293], [0.06609314542169677, 0.9972673110284284, 0.033009187848151315], [0.9625104515596926, -0.07244164521224539, 0.2613921167084035]], "fy": 1401.170026727728, "fx": 1402.6909979105187}, {"id": 84, "img_name": "frame_00085.jpg", "width": 1062, "height": 1893, "position": [3.148124161399519, 0.21295486125224833, 1.1201408793640366], "rotation": [[0.31219377809703297, 0.03784675008366118, -0.9492642774410113], [0.04736931075681827, 0.9973431519579786, 0.055342439781310156], [0.9488367579915548, -0.062243559912884584, 0.30957155220311605]], "fy": 1401.170026727728, "fx": 1402.6909979105187}, {"id": 85, "img_name": "frame_00086.jpg", "width": 1062, "height": 1893, "position": [3.236984927511966, 0.2211442870843943, 1.2165830283512833], "rotation": [[0.10930189529950037, 0.02818736117664805, -0.993608860847081], [0.035743738940513504, 0.9988399158999635, 0.032267747543113005], [0.9933657336603117, -0.03904222169460712, 0.10816757422933947]], "fy": 1401.170026727728, "fx": 1402.6909979105187}, {"id": 86, "img_name": "frame_00087.jpg", "width": 1062, "height": 1893, "position": [3.3018003063919803, 0.23473065677113206, 1.3107233368910796], "rotation": [[0.13987299266096812, 0.02957325602869738, -0.9897277244029925], [0.07423376672332259, 0.9964276774837996, 0.04026451815567179], [0.9873828506724897, -0.07910313566542236, 0.13717798703059364]], "fy": 1401.170026727728, "fx": 1402.6909979105187}, {"id": 87, "img_name": "frame_00088.jpg", "width": 1062, "height": 1893, "position": [3.339651294093444, 0.2367030480442671, 1.414792264806453], "rotation": [[0.21486188643945603, 0.081288352235649, -0.9732556568273781], [0.04737052220646046, 0.9944898702894142, 0.09351968518783194], [0.9754949530272133, -0.06619744468298622, 0.20982729788060805]], "fy": 1401.170026727728, "fx": 1402.6909979105187}, {"id": 88, "img_name": "frame_00089.jpg", "width": 1062, "height": 1893, "position": [3.4380334970577997, 0.24775483053419792, 1.4953627240020462], "rotation": [[-0.007223620473788712, 0.038049540789175974, -0.9992497444347852], [0.04247874150828593, 0.9983854698198182, 0.03770955015023171], [0.999071256631439, -0.042174472117543445, -0.008828254328216028]], "fy": 1401.170026727728, "fx": 1402.6909979105187}, {"id": 89, "img_name": "frame_00090.jpg", "width": 1062, "height": 1893, "position": [3.50086112378298, 0.2592215630818844, 1.5752356740113678], "rotation": [[-0.10759241491929113, 0.004634230829554137, -0.9941842868183209], [0.08411251524045801, 0.9964462909360766, -0.004458033160421157], [0.9906305855523334, -0.08410299153034989, -0.10759985959046171]], "fy": 1401.170026727728, "fx": 1402.6909979105187}, {"id": 90, "img_name": "frame_00091.jpg", "width": 1062, "height": 1893, "position": [3.5087830997188996, 0.2537879924081983, 1.6949587531755272], "rotation": [[-0.19010272390559269, 0.09530706462116824, -0.9771271758563312], [0.02617806567364193, 0.9954150446204703, 0.09199781421758815], [0.981415132979546, -0.00809026430494311, -0.1917260659957734]], "fy": 1401.170026727728, "fx": 1402.6909979105187}, {"id": 91, "img_name": "frame_00092.jpg", "width": 1062, "height": 1893, "position": [3.5111476183424486, 0.265041724784692, 1.7466902435327674], "rotation": [[-0.4423976987020034, -0.010060052450079208, -0.8967625502483212], [-0.06811060067575475, 0.9974260221658199, 0.022411523421152855], [0.8942288422203563, 0.07099384234685892, -0.4419441730468567]], "fy": 1401.170026727728, "fx": 1402.6909979105187}, {"id": 92, "img_name": "frame_00093.jpg", "width": 1062, "height": 1893, "position": [3.567764127726268, 0.25691766237165603, 1.8029706082298118], "rotation": [[-0.5645694184704323, -0.03999700361785921, -0.8244159213828606], [-0.06265435113741372, 0.998020058963464, -0.005513092608815657], [0.8230041336539614, 0.0485407211334635, -0.5659575906199473]], "fy": 1401.170026727728, "fx": 1402.6909979105187}, {"id": 93, "img_name": "frame_00094.jpg", "width": 1062, "height": 1893, "position": [3.653861370555411, 0.2540558869678572, 1.8627502864830632], "rotation": [[-0.4820063719215629, -0.013014481460328832, -0.8760710477463174], [-0.03867589948865233, 0.9992310868915228, 0.006435043770590215], [0.8753136764758994, 0.03698456788857356, -0.48213909768067953]], "fy": 1401.170026727728, "fx": 1402.6909979105187}, {"id": 94, "img_name": "frame_00095.jpg", "width": 1062, "height": 1893, "position": [3.7040191804543836, 0.25715162327452173, 1.9784505756045947], "rotation": [[-0.41681973143508444, -0.04947831471619635, -0.9076415635366358], [-0.011284396477577124, 0.9987221808606477, -0.04926122058057742], [0.9089191239502671, -0.010290861470085327, -0.4168454441248969]], "fy": 1401.170026727728, "fx": 1402.6909979105187}, {"id": 95, "img_name": "frame_00096.jpg", "width": 1062, "height": 1893, "position": [3.7445257748492904, 0.25953073017336553, 2.0804221150710887], "rotation": [[-0.46005856988887306, -0.05172739726250793, -0.8863804987951007], [-0.03634625041150541, 0.9985618958881274, -0.039409264917439395], [0.8871443300573075, 0.014086037510792893, -0.46127705470185215]], "fy": 1401.170026727728, "fx": 1402.6909979105187}, {"id": 96, "img_name": "frame_00097.jpg", "width": 1062, "height": 1893, "position": [3.827553710124382, 0.26844271368846084, 2.169395333688115], "rotation": [[-0.48130257013550437, -0.04188419602882152, -0.8755532822758283], [-0.07687500484238327, 0.9970259192885592, -0.005435981722446648], [0.8731769978712455, 0.06469181084049569, -0.48309098521783245]], "fy": 1401.170026727728, "fx": 1402.6909979105187}, {"id": 97, "img_name": "frame_00098.jpg", "width": 1062, "height": 1893, "position": [3.9003899582082977, 0.2692412094018849, 2.2485861868129615], "rotation": [[-0.5163065410990362, -0.05423544033340444, -0.8546847796879213], [-0.04519715920174855, 0.9983275031535102, -0.036047375041